# Name=tr|W1DCL5|W1DCL5_KLEPN Periplasmic esterase IroE OS=Klebsiella pneumoniae IS43 OX=1432552 PE=3 SV=1
# pos	aa	label	Other	Sec/SPI n	Sec/SPI h	Sec/SPI c	Sec/SPII n	Sec/SPII h	Sec/SPII cys	Tat/SPI n	Tat/SPI RR	Tat/SPI h	Tat/SPI c	Tat/SPII n	Tat/SPII RR	Tat/SPII h	Tat/SPII cys	Sec/SPIII P	Sec/SPIII cons.	Sec/SPIII h
1	M	N	0.001374	0.998483	0.000000	0.000000	0.000103	0.000000	0.000000	0.000002	0.000000	0.000000	0.000000	0.000000	0.000000	0.000000	0.000000	0.000000	0.000000	0.000000
2	K	N	0.001374	0.981055	0.017428	0.000000	0.000099	0.000004	0.000000	0.000001	0.000000	0.000000	0.000000	0.000000	0.000000	0.000000	0.000000	0.000000	0.000000	0.000000
3	L	H	0.001374	0.754834	0.243647	0.000001	0.000069	0.000034	0.000000	0.000001	0.000000	0.000000	0.000000	0.000000	0.000000	0.000000	0.000000	0.000000	0.000000	0.000000
4	S	H	0.001374	0.689306	0.309134	0.000045	0.000058	0.000045	0.000000	0.000002	0.000000	0.000000	0.000000	0.000000	0.000000	0.000000	0.000000	0.000000	0.000000	0.000000
5	S	H	0.001383	0.649279	0.349099	0.000094	0.000052	0.000051	0.000000	0.000002	0.000000	0.000000	0.000000	0.000000	0.000000	0.000000	0.000000	0.000000	0.000000	0.000000
6	G	H	0.001402	0.616416	0.381904	0.000132	0.000046	0.000056	0.000000	0.000001	0.000000	0.000000	0.000000	0.000000	0.000000	0.000000	0.000000	0.000000	0.000000	0.000000
7	S	H	0.001431	0.586803	0.411462	0.000156	0.000041	0.000061	0.000001	0.000001	0.000000	0.000000	0.000000	0.000000	0.000000	0.000000	0.000000	0.000000	0.000000	0.000000
8	I	H	0.001467	0.552999	0.445226	0.000161	0.000036	0.000065	0.000001	0.000001	0.000000	0.000000	0.000000	0.000000	0.000000	0.000000	0.000000	0.000000	0.000000	0.000000
9	T	H	0.001499	0.529631	0.468544	0.000185	0.000032	0.000069	0.000001	0.000001	0.000000	0.000000	0.000000	0.000000	0.000000	0.000000	0.000000	0.000000	0.000000	0.000000
10	T	H	0.001538	0.501429	0.496700	0.000190	0.000028	0.000072	0.000001	0.000001	0.000000	0.000000	0.000000	0.000000	0.000000	0.000000	0.000000	0.000000	0.000000	0.000000
11	G	H	0.001586	0.466539	0.531558	0.000171	0.000024	0.000075	0.000001	0.000001	0.000000	0.000000	0.000000	0.000000	0.000000	0.000000	0.000000	0.000000	0.000000	0.000000
12	R	H	0.001635	0.424361	0.573717	0.000140	0.000020	0.000078	0.000002	0.000001	0.000001	0.000001	0.000000	0.000000	0.000000	0.000000	0.000000	0.000000	0.000000	0.000000
13	T	H	0.001687	0.291964	0.706105	0.000097	0.000011	0.000086	0.000001	0.000001	0.000000	0.000001	0.000000	0.000000	0.000000	0.000000	0.000000	0.000000	0.000000	0.000000
14	S	H	0.001729	0.171380	0.826680	0.000062	0.000005	0.000091	0.000000	0.000001	0.000000	0.000001	0.000000	0.000000	0.000000	0.000000	0.000000	0.000000	0.000000	0.000000
15	G	H	0.001766	0.035393	0.962667	0.000028	0.000001	0.000095	0.000000	0.000000	0.000000	0.000001	0.000000	0.000000	0.000000	0.000000	0.000000	0.000000	0.000000	0.000000
16	L	H	0.001786	0.003429	0.994628	0.000010	0.000000	0.000095	0.000000	0.000000	0.000000	0.000002	0.000000	0.000000	0.000000	0.000000	0.000000	0.000000	0.000000	0.000000
17	L	H	0.001793	0.000381	0.997676	0.000008	0.000000	0.000095	0.000001	0.000000	0.000000	0.000002	0.000000	0.000000	0.000000	0.000000	0.000000	0.000000	0.000000	0.000000
18	T	H	0.001797	0.000111	0.997927	0.000025	0.000000	0.000094	0.000001	0.000000	0.000000	0.000002	0.000000	0.000000	0.000000	0.000000	0.000000	0.000000	0.000000	0.000000
19	L	H	0.001807	0.000028	0.997973	0.000049	0.000000	0.000093	0.000002	0.000000	0.000000	0.000002	0.000000	0.000000	0.000000	0.000000	0.000000	0.000000	0.000000	0.000000
20	A	H	0.001818	0.000010	0.997874	0.000160	0.000000	0.000091	0.000002	0.000000	0.000000	0.000002	0.000000	0.000000	0.000000	0.000000	0.000000	0.000000	0.000000	0.000000
21	I	H	0.001842	0.000005	0.997607	0.000408	0.000000	0.000086	0.000005	0.000000	0.000000	0.000002	0.000000	0.000000	0.000000	0.000000	0.000000	0.000000	0.000000	0.000000
22	G	H	0.001877	0.000002	0.996945	0.001041	0.000000	0.000081	0.000005	0.000000	0.000000	0.000002	0.000000	0.000000	0.000000	0.000000	0.000000	0.000000	0.000000	0.000000
23	A	H	0.001937	0.000001	0.995919	0.002016	0.000000	0.000075	0.000006	0.000000	0.000000	0.000002	0.000000	0.000000	0.000000	0.000000	0.000000	0.000000	0.000000	0.000000
24	L	H	0.001986	0.000000	0.993331	0.004564	0.000000	0.000070	0.000005	0.000000	0.000000	0.000002	0.000000	0.000000	0.000000	0.000000	0.000000	0.000000	0.000000	0.000000
25	F	H	0.002014	0.000000	0.978849	0.019024	0.000000	0.000065	0.000005	0.000000	0.000000	0.000002	0.000000	0.000000	0.000000	0.000000	0.000000	0.000000	0.000000	0.000000
26	Y	H	0.002039	0.000000	0.900473	0.097377	0.000000	0.000058	0.000007	0.000000	0.000000	0.000002	0.000000	0.000000	0.000000	0.000000	0.000000	0.000000	0.000000	0.000000
27	S	C	0.002070	0.000000	0.512949	0.484880	0.000000	0.000051	0.000007	0.000000	0.000000	0.000001	0.000001	0.000000	0.000000	0.000000	0.000000	0.000000	0.000000	0.000000
28	S	C	0.002179	0.000000	0.128208	0.869518	0.000000	0.000030	0.000021	0.000000	0.000000	0.000001	0.000001	0.000000	0.000000	0.000000	0.000000	0.000000	0.000000	0.000000
29	G	C	0.002519	0.000000	0.027727	0.969677	0.000000	0.000014	0.000017	0.000000	0.000000	0.000000	0.000001	0.000000	0.000000	0.000000	0.000000	0.000000	0.000000	0.000000
30	S	C	0.003306	0.000000	0.001121	0.995516	0.000000	0.000008	0.000006	0.000000	0.000000	0.000000	0.000002	0.000000	0.000000	0.000000	0.000000	0.000000	0.000000	0.000000
31	I	C	0.007573	0.000000	0.000112	0.992263	0.000000	0.000004	0.000004	0.000000	0.000000	0.000000	0.000002	0.000000	0.000000	0.000000	0.000000	0.000000	0.000000	0.000000
32	A	C	0.041415	0.000000	0.000002	0.958534	0.000000	0.000001	0.000003	0.000000	0.000000	0.000000	0.000002	0.000000	0.000000	0.000000	0.000000	0.000000	0.000000	0.000000
33	R	O	0.944484	0.000000	0.000001	0.055469	0.000000	0.000000	0.000001	0.000000	0.000000	0.000000	0.000000	0.000000	0.000000	0.000000	0.000000	0.000000	0.000000	0.000000
34	P	O	0.987155	0.000000	0.000001	0.012799	0.000000	0.000000	0.000000	0.000000	0.000000	0.000000	0.000000	0.000000	0.000000	0.000000	0.000000	0.000000	0.000000	0.000000
35	D	O	0.995581	0.000000	0.000001	0.004373	0.000000	0.000000	0.000000	0.000000	0.000000	0.000000	0.000000	0.000000	0.000000	0.000000	0.000000	0.000000	0.000000	0.000000
36	L	O	0.997477	0.000000	0.000000	0.002474	0.000000	0.000000	0.000000	0.000000	0.000000	0.000000	0.000000	0.000000	0.000000	0.000000	0.000000	0.000000	0.000000	0.000000
37	Q	O	0.998422	0.000000	0.000000	0.001527	0.000000	0.000000	0.000000	0.000000	0.000000	0.000000	0.000000	0.000000	0.000000	0.000000	0.000000	0.000000	0.000000	0.000000
38	P	O	0.999032	0.000000	0.000000	0.000922	0.000000	0.000000	0.000000	0.000000	0.000000	0.000000	0.000000	0.000000	0.000000	0.000000	0.000000	0.000000	0.000000	0.000000
39	L	O	0.999422	0.000000	0.000000	0.000522	0.000000	0.000000	0.000000	0.000000	0.000000	0.000000	0.000000	0.000000	0.000000	0.000000	0.000000	0.000000	0.000000	0.000000
40	G	O	0.999622	0.000000	0.000000	0.000330	0.000000	0.000000	0.000000	0.000000	0.000000	0.000000	0.000000	0.000000	0.000000	0.000000	0.000000	0.000000	0.000000	0.000000
41	P	O	0.999740	0.000000	0.000000	0.000209	0.000000	0.000000	0.000000	0.000000	0.000000	0.000000	0.000000	0.000000	0.000000	0.000000	0.000000	0.000000	0.000000	0.000000
42	N	O	0.999830	0.000000	0.000000	0.000126	0.000000	0.000000	0.000000	0.000000	0.000000	0.000000	0.000000	0.000000	0.000000	0.000000	0.000000	0.000000	0.000000	0.000000
43	I	O	0.999877	0.000000	0.000000	0.000081	0.000000	0.000000	0.000000	0.000000	0.000000	0.000000	0.000000	0.000000	0.000000	0.000000	0.000000	0.000000	0.000000	0.000000
44	A	O	0.999916	0.000000	0.000000	0.000051	0.000000	0.000000	0.000000	0.000000	0.000000	0.000000	0.000000	0.000000	0.000000	0.000000	0.000000	0.000000	0.000000	0.000000
45	D	O	0.999938	0.000000	0.000000	0.000030	0.000000	0.000000	0.000000	0.000000	0.000000	0.000000	0.000000	0.000000	0.000000	0.000000	0.000000	0.000000	0.000000	0.000000
46	K	O	0.999951	0.000000	0.000000	0.000017	0.000000	0.000000	0.000000	0.000000	0.000000	0.000000	0.000000	0.000000	0.000000	0.000000	0.000000	0.000000	0.000000	0.000000
47	G	O	0.999955	0.000000	0.000000	0.000009	0.000000	0.000000	0.000000	0.000000	0.000000	0.000000	0.000000	0.000000	0.000000	0.000000	0.000000	0.000000	0.000000	0.000000
48	S	O	0.999961	0.000000	0.000000	0.000005	0.000000	0.000000	0.000000	0.000000	0.000000	0.000000	0.000000	0.000000	0.000000	0.000000	0.000000	0.000000	0.000000	0.000000
49	A	O	0.999973	0.000000	0.000000	0.000003	0.000000	0.000000	0.000000	0.000000	0.000000	0.000000	0.000000	0.000000	0.000000	0.000000	0.000000	0.000000	0.000000	0.000000
50	F	O	0.999978	0.000000	0.000000	0.000001	0.000000	0.000000	0.000000	0.000000	0.000000	0.000000	0.000000	0.000000	0.000000	0.000000	0.000000	0.000000	0.000000	0.000000
51	Y	O	0.999980	0.000000	0.000000	0.000001	0.000000	0.000000	0.000000	0.000000	0.000000	0.000000	0.000000	0.000000	0.000000	0.000000	0.000000	0.000000	0.000000	0.000000
52	H	O	0.999979	0.000000	0.000000	0.000000	0.000000	0.000000	0.000000	0.000000	0.000000	0.000000	0.000000	0.000000	0.000000	0.000000	0.000000	0.000000	0.000000	0.000000
53	F	O	0.999983	0.000000	0.000000	0.000000	0.000000	0.000000	0.000000	0.000000	0.000000	0.000000	0.000000	0.000000	0.000000	0.000000	0.000000	0.000000	0.000000	0.000000
54	T	O	0.999982	0.000000	0.000000	0.000000	0.000000	0.000000	0.000000	0.000000	0.000000	0.000000	0.000000	0.000000	0.000000	0.000000	0.000000	0.000000	0.000000	0.000000
55	Q	O	0.999981	0.000000	0.000000	0.000000	0.000000	0.000000	0.000001	0.000000	0.000000	0.000000	0.000000	0.000000	0.000000	0.000000	0.000000	0.000000	0.000000	0.000000
56	R	O	0.999987	0.000000	0.000000	0.000000	0.000000	0.000000	0.000001	0.000000	0.000000	0.000000	0.000001	0.000000	0.000000	0.000000	0.000000	0.000000	0.000000	0.000000
57	Q	O	0.999986	0.000000	0.000000	0.000000	0.000000	0.000000	0.000001	0.000000	0.000000	0.000000	0.000001	0.000000	0.000000	0.000000	0.000000	0.000000	0.000000	0.000000
58	Y	O	0.999988	0.000000	0.000000	0.000000	0.000000	0.000000	0.000001	0.000000	0.000000	0.000000	0.000001	0.000000	0.000000	0.000000	0.000000	0.000000	0.000000	0.000000
59	D	O	0.999991	0.000000	0.000000	0.000000	0.000000	0.000001	0.000001	0.000001	0.000000	0.000001	0.000001	0.000000	0.000000	0.000000	0.000000	0.000000	0.000000	0.000000
60	S	O	0.999982	0.000000	0.000000	0.000000	0.000000	0.000001	0.000002	0.000001	0.000000	0.000001	0.000002	0.000000	0.000000	0.000000	0.000000	0.000000	0.000000	0.000000
61	A	O	0.999987	0.000000	0.000000	0.000000	0.000000	0.000001	0.000002	0.000001	0.000000	0.000001	0.000003	0.000000	0.000000	0.000000	0.000000	0.000000	0.000000	0.000000
62	D	O	0.999983	0.000000	0.000000	0.000000	0.000000	0.000001	0.000003	0.000002	0.000000	0.000002	0.000005	0.000000	0.000000	0.000000	0.000000	0.000001	0.000000	0.000000
63	G	O	0.999970	0.000000	0.000000	0.000000	0.000000	0.000001	0.000004	0.000003	0.000000	0.000003	0.000009	0.000000	0.000000	0.000000	0.000001	0.000001	0.000000	0.000001
64	E	O	0.999959	0.000000	0.000000	0.000000	0.000000	0.000002	0.000005	0.000004	0.000000	0.000005	0.000013	0.000000	0.000000	0.000000	0.000001	0.000002	0.000001	0.000001
65	R	O	0.999946	0.000000	0.000000	0.000000	0.000001	0.000002	0.000006	0.000006	0.000001	0.000008	0.000021	0.000000	0.000000	0.000001	0.000002	0.000003	0.000001	0.000002
66	H	O	0.999909	0.000000	0.000000	0.000000	0.000001	0.000003	0.000008	0.000008	0.000000	0.000014	0.000034	0.000000	0.000000	0.000001	0.000004	0.000004	0.000003	0.000003
67	Y	O	0.999856	0.000000	0.000000	0.000000	0.000000	0.000005	0.000012	0.000008	0.000000	0.000023	0.000063	0.000000	0.000000	0.000003	0.000009	0.000005	0.000005	0.000006
68	R	O	0.999790	0.000000	0.000000	0.000000	0.000000	0.000007	0.000018	0.000000	0.000000	0.000027	0.000111	0.000000	0.000000	0.000006	0.000013	0.000000	0.000012	0.000010
69	V	O	0.999663	0.000000	0.000000	0.000000	0.000000	0.000000	0.000050	0.000000	0.000000	0.000000	0.000183	0.000000	0.000000	0.000000	0.000059	0.000000	0.000000	0.000039
70	W	O	0.999998	0.000000	0.000000	0.000000	0.000000	0.000000	0.000000	0.000000	0.000000	0.000000	0.000000	0.000000	0.000000	0.000000	0.000000	0.000000	0.000000	0.000000
