# Name=tr|W1DRU3|W1DRU3_KLEPN Respiratory nitrate reductase alpha chain OS=Klebsiella pneumoniae IS43 OX=1432552 PE=4 SV=1
# pos	aa	label	Other	Sec/SPI n	Sec/SPI h	Sec/SPI c	Sec/SPII n	Sec/SPII h	Sec/SPII cys	Tat/SPI n	Tat/SPI RR	Tat/SPI h	Tat/SPI c	Tat/SPII n	Tat/SPII RR	Tat/SPII h	Tat/SPII cys	Sec/SPIII P	Sec/SPIII cons.	Sec/SPIII h
1	M	N	0.415782	0.550864	0.000000	0.000000	0.033276	0.000000	0.000000	0.000044	0.000000	0.000000	0.000000	0.000006	0.000000	0.000000	0.000000	0.000005	0.000000	0.000000
2	D	N	0.415785	0.544832	0.006037	0.000000	0.032487	0.000789	0.000000	0.000036	0.000007	0.000001	0.000000	0.000005	0.000002	0.000000	0.000000	0.000004	0.000000	0.000000
3	M	N	0.415786	0.519530	0.031334	0.000005	0.030159	0.003117	0.000000	0.000036	0.000005	0.000003	0.000000	0.000005	0.000001	0.000000	0.000000	0.000004	0.000000	0.000000
4	N	N	0.415786	0.498162	0.052681	0.000027	0.028149	0.005122	0.000005	0.000032	0.000007	0.000005	0.000000	0.000004	0.000002	0.000001	0.000000	0.000004	0.000000	0.000000
5	Y	H	0.415801	0.340947	0.209887	0.000025	0.020932	0.012309	0.000030	0.000028	0.000006	0.000010	0.000000	0.000004	0.000001	0.000001	0.000000	0.000003	0.000001	0.000000
6	R	H	0.415840	0.246373	0.304434	0.000043	0.015606	0.017614	0.000020	0.000021	0.000009	0.000014	0.000000	0.000003	0.000001	0.000001	0.000000	0.000003	0.000001	0.000000
7	G	H	0.415877	0.139006	0.411776	0.000051	0.009010	0.024177	0.000033	0.000021	0.000004	0.000020	0.000000	0.000003	0.000001	0.000002	0.000000	0.000002	0.000001	0.000000
8	M	H	0.415930	0.064187	0.486570	0.000055	0.004137	0.029006	0.000044	0.000014	0.000003	0.000027	0.000000	0.000002	0.000001	0.000003	0.000000	0.000001	0.000001	0.000001
9	I	H	0.415999	0.029235	0.521484	0.000072	0.001930	0.031150	0.000063	0.000009	0.000003	0.000032	0.000000	0.000002	0.000001	0.000004	0.000000	0.000001	0.000001	0.000001
10	N	H	0.416086	0.014404	0.536238	0.000124	0.000980	0.031999	0.000102	0.000007	0.000001	0.000036	0.000000	0.000001	0.000000	0.000005	0.000000	0.000001	0.000001	0.000001
11	L	H	0.416230	0.005003	0.545556	0.000164	0.000385	0.032422	0.000171	0.000004	0.000001	0.000039	0.000000	0.000001	0.000000	0.000005	0.000000	0.000000	0.000001	0.000001
12	L	H	0.416435	0.001746	0.548566	0.000382	0.000151	0.032512	0.000144	0.000003	0.000001	0.000041	0.000000	0.000000	0.000000	0.000005	0.000000	0.000000	0.000001	0.000001
13	V	H	0.416609	0.000639	0.548737	0.001290	0.000062	0.032381	0.000221	0.000002	0.000000	0.000042	0.000000	0.000000	0.000000	0.000006	0.000000	0.000000	0.000001	0.000001
14	F	H	0.416871	0.000225	0.545918	0.004481	0.000020	0.031939	0.000484	0.000001	0.000000	0.000042	0.000001	0.000000	0.000000	0.000006	0.000000	0.000000	0.000000	0.000001
15	C	H	0.417398	0.000092	0.531870	0.018618	0.000007	0.031358	0.000594	0.000001	0.000000	0.000041	0.000002	0.000000	0.000000	0.000005	0.000000	0.000000	0.000000	0.000000
16	G	H	0.418064	0.000038	0.490405	0.060067	0.000003	0.029686	0.001676	0.000001	0.000000	0.000040	0.000004	0.000000	0.000000	0.000005	0.000000	0.000000	0.000000	0.000000
17	C	H	0.419850	0.000015	0.399790	0.150595	0.000001	0.017221	0.012466	0.000000	0.000000	0.000036	0.000007	0.000000	0.000000	0.000004	0.000001	0.000000	0.000000	0.000000
18	V	C	0.432507	0.000006	0.249134	0.301073	0.000001	0.013403	0.003819	0.000000	0.000000	0.000028	0.000016	0.000000	0.000000	0.000003	0.000001	0.000000	0.000000	0.000000
19	G	C	0.436855	0.000003	0.105204	0.444476	0.000000	0.009771	0.003633	0.000000	0.000000	0.000018	0.000026	0.000000	0.000000	0.000002	0.000001	0.000000	0.000000	0.000000
20	Q	C	0.442577	0.000002	0.036418	0.511175	0.000000	0.004484	0.005287	0.000000	0.000000	0.000010	0.000033	0.000000	0.000000	0.000001	0.000001	0.000000	0.000000	0.000000
21	S	C	0.451012	0.000001	0.006167	0.538280	0.000000	0.003039	0.001445	0.000000	0.000000	0.000004	0.000038	0.000000	0.000000	0.000001	0.000000	0.000000	0.000000	0.000000
22	G	C	0.465602	0.000001	0.001221	0.530080	0.000000	0.001559	0.001480	0.000000	0.000000	0.000002	0.000038	0.000000	0.000000	0.000000	0.000000	0.000000	0.000000	0.000000
23	G	C	0.503076	0.000001	0.000145	0.495168	0.000000	0.000569	0.000990	0.000000	0.000000	0.000000	0.000035	0.000000	0.000000	0.000000	0.000000	0.000000	0.000000	0.000000
24	G	O	0.771612	0.000001	0.000081	0.227706	0.000000	0.000127	0.000442	0.000000	0.000000	0.000000	0.000015	0.000000	0.000000	0.000000	0.000000	0.000000	0.000000	0.000000
25	W	O	0.894529	0.000001	0.000057	0.105268	0.000000	0.000038	0.000090	0.000000	0.000000	0.000000	0.000006	0.000000	0.000000	0.000000	0.000000	0.000000	0.000000	0.000000
26	S	O	0.941242	0.000000	0.000037	0.058665	0.000000	0.000018	0.000019	0.000000	0.000000	0.000000	0.000003	0.000000	0.000000	0.000000	0.000000	0.000000	0.000000	0.000000
27	H	O	0.965490	0.000000	0.000024	0.034448	0.000000	0.000010	0.000009	0.000000	0.000000	0.000000	0.000001	0.000000	0.000000	0.000000	0.000000	0.000000	0.000000	0.000000
28	Y	O	0.979118	0.000000	0.000016	0.020835	0.000000	0.000006	0.000004	0.000000	0.000000	0.000000	0.000001	0.000000	0.000000	0.000000	0.000000	0.000000	0.000000	0.000000
29	V	O	0.987135	0.000000	0.000010	0.012829	0.000000	0.000004	0.000003	0.000000	0.000000	0.000000	0.000000	0.000000	0.000000	0.000000	0.000000	0.000000	0.000000	0.000000
30	G	O	0.991613	0.000000	0.000006	0.008353	0.000000	0.000003	0.000002	0.000000	0.000000	0.000000	0.000000	0.000000	0.000000	0.000000	0.000000	0.000000	0.000000	0.000000
31	Q	O	0.994496	0.000000	0.000004	0.005476	0.000001	0.000002	0.000002	0.000000	0.000000	0.000000	0.000000	0.000000	0.000000	0.000000	0.000000	0.000000	0.000000	0.000000
32	E	O	0.996341	0.000000	0.000003	0.003635	0.000001	0.000002	0.000001	0.000000	0.000000	0.000000	0.000000	0.000000	0.000000	0.000000	0.000000	0.000000	0.000000	0.000000
33	K	O	0.997516	0.000000	0.000002	0.002462	0.000001	0.000002	0.000001	0.000000	0.000000	0.000000	0.000000	0.000000	0.000000	0.000000	0.000000	0.000000	0.000000	0.000000
34	L	O	0.998262	0.000000	0.000001	0.001719	0.000002	0.000002	0.000001	0.000000	0.000000	0.000000	0.000000	0.000000	0.000000	0.000000	0.000000	0.000000	0.000000	0.000000
35	R	O	0.998742	0.000000	0.000001	0.001239	0.000002	0.000003	0.000002	0.000000	0.000000	0.000000	0.000000	0.000000	0.000000	0.000000	0.000000	0.000000	0.000000	0.000000
36	P	O	0.999108	0.000000	0.000000	0.000874	0.000003	0.000003	0.000002	0.000000	0.000000	0.000000	0.000000	0.000000	0.000000	0.000000	0.000000	0.000000	0.000000	0.000000
37	Q	O	0.999373	0.000000	0.000000	0.000606	0.000004	0.000004	0.000003	0.000000	0.000000	0.000000	0.000000	0.000000	0.000000	0.000000	0.000000	0.000000	0.000000	0.000000
38	T	O	0.999556	0.000000	0.000000	0.000421	0.000005	0.000005	0.000003	0.000000	0.000000	0.000000	0.000000	0.000000	0.000000	0.000000	0.000000	0.000001	0.000000	0.000000
39	G	O	0.999684	0.000000	0.000000	0.000291	0.000006	0.000007	0.000003	0.000001	0.000000	0.000000	0.000000	0.000000	0.000000	0.000000	0.000000	0.000001	0.000000	0.000000
40	W	O	0.999768	0.000000	0.000000	0.000203	0.000008	0.000010	0.000004	0.000001	0.000000	0.000000	0.000000	0.000000	0.000000	0.000000	0.000000	0.000001	0.000000	0.000000
41	L	O	0.999806	0.000000	0.000000	0.000151	0.000010	0.000015	0.000004	0.000001	0.000000	0.000001	0.000000	0.000000	0.000000	0.000000	0.000000	0.000001	0.000001	0.000000
42	P	O	0.999822	0.000000	0.000000	0.000122	0.000012	0.000022	0.000007	0.000002	0.000000	0.000001	0.000001	0.000000	0.000000	0.000000	0.000000	0.000002	0.000001	0.000001
43	L	O	0.999830	0.000000	0.000000	0.000100	0.000013	0.000030	0.000009	0.000002	0.000000	0.000002	0.000001	0.000000	0.000000	0.000000	0.000000	0.000002	0.000001	0.000001
44	A	O	0.999830	0.000000	0.000000	0.000085	0.000014	0.000039	0.000013	0.000003	0.000000	0.000002	0.000002	0.000000	0.000000	0.000000	0.000000	0.000003	0.000001	0.000001
45	F	O	0.999833	0.000000	0.000000	0.000070	0.000014	0.000043	0.000018	0.000003	0.000000	0.000003	0.000003	0.000000	0.000000	0.000000	0.000000	0.000003	0.000002	0.000002
46	A	O	0.999841	0.000000	0.000000	0.000056	0.000013	0.000040	0.000026	0.000003	0.000000	0.000003	0.000004	0.000000	0.000000	0.000000	0.000000	0.000004	0.000002	0.000002
47	L	O	0.999873	0.000000	0.000000	0.000036	0.000011	0.000035	0.000022	0.000003	0.000000	0.000003	0.000004	0.000000	0.000000	0.000000	0.000000	0.000004	0.000002	0.000002
48	D	O	0.999888	0.000000	0.000000	0.000025	0.000011	0.000034	0.000020	0.000004	0.000000	0.000003	0.000004	0.000000	0.000000	0.000000	0.000000	0.000004	0.000002	0.000002
49	W	O	0.999885	0.000000	0.000000	0.000017	0.000012	0.000033	0.000022	0.000005	0.000001	0.000004	0.000005	0.000000	0.000000	0.000000	0.000000	0.000005	0.000002	0.000003
50	S	O	0.999886	0.000000	0.000000	0.000012	0.000013	0.000034	0.000023	0.000006	0.000001	0.000005	0.000006	0.000000	0.000000	0.000000	0.000001	0.000006	0.000003	0.000003
51	R	O	0.999875	0.000000	0.000000	0.000008	0.000014	0.000035	0.000028	0.000007	0.000001	0.000005	0.000009	0.000000	0.000000	0.000000	0.000001	0.000007	0.000003	0.000004
52	P	O	0.999859	0.000000	0.000000	0.000005	0.000015	0.000039	0.000031	0.000009	0.000001	0.000007	0.000011	0.000000	0.000000	0.000001	0.000001	0.000009	0.000004	0.000005
53	P	O	0.999836	0.000000	0.000000	0.000004	0.000017	0.000043	0.000035	0.000011	0.000001	0.000009	0.000014	0.000000	0.000000	0.000001	0.000001	0.000011	0.000005	0.000006
54	R	O	0.999806	0.000000	0.000000	0.000002	0.000020	0.000047	0.000042	0.000014	0.000002	0.000011	0.000018	0.000000	0.000000	0.000001	0.000002	0.000014	0.000006	0.000007
55	Q	O	0.999772	0.000000	0.000000	0.000001	0.000024	0.000054	0.000049	0.000018	0.000002	0.000014	0.000023	0.000001	0.000000	0.000001	0.000003	0.000018	0.000008	0.000009
56	M	O	0.999726	0.000000	0.000000	0.000001	0.000028	0.000062	0.000057	0.000025	0.000003	0.000019	0.000029	0.000001	0.000000	0.000002	0.000004	0.000023	0.000010	0.000012
57	N	O	0.999659	0.000000	0.000000	0.000001	0.000033	0.000072	0.000067	0.000034	0.000004	0.000024	0.000038	0.000001	0.000000	0.000003	0.000005	0.000030	0.000013	0.000015
58	S	O	0.999569	0.000000	0.000000	0.000000	0.000039	0.000085	0.000080	0.000047	0.000005	0.000033	0.000049	0.000001	0.000000	0.000004	0.000007	0.000039	0.000017	0.000019
59	T	O	0.999456	0.000000	0.000000	0.000000	0.000047	0.000104	0.000091	0.000063	0.000007	0.000048	0.000064	0.000002	0.000001	0.000005	0.000009	0.000051	0.000023	0.000025
60	S	O	0.999286	0.000000	0.000000	0.000000	0.000056	0.000127	0.000117	0.000091	0.000009	0.000067	0.000091	0.000002	0.000001	0.000007	0.000013	0.000069	0.000029	0.000034
61	Y	O	0.999083	0.000000	0.000000	0.000000	0.000065	0.000153	0.000139	0.000119	0.000013	0.000099	0.000121	0.000003	0.000001	0.000010	0.000018	0.000091	0.000040	0.000044
62	F	O	0.998793	0.000000	0.000000	0.000000	0.000072	0.000189	0.000168	0.000158	0.000015	0.000144	0.000175	0.000004	0.000001	0.000015	0.000026	0.000122	0.000056	0.000060
63	Y	O	0.998423	0.000000	0.000000	0.000000	0.000073	0.000237	0.000205	0.000197	0.000018	0.000210	0.000250	0.000004	0.000001	0.000022	0.000037	0.000159	0.000080	0.000083
64	N	O	0.997888	0.000000	0.000000	0.000000	0.000068	0.000289	0.000283	0.000240	0.000019	0.000284	0.000394	0.000005	0.000001	0.000033	0.000058	0.000200	0.000116	0.000121
65	H	O	0.997331	0.000000	0.000000	0.000000	0.000051	0.000320	0.000374	0.000258	0.000017	0.000364	0.000583	0.000005	0.000001	0.000045	0.000086	0.000220	0.000164	0.000176
66	A	O	0.996853	0.000000	0.000000	0.000000	0.000021	0.000340	0.000432	0.000226	0.000009	0.000460	0.000801	0.000003	0.000000	0.000060	0.000128	0.000192	0.000223	0.000249
67	S	O	0.996518	0.000000	0.000000	0.000000	0.000000	0.000299	0.000518	0.000132	0.000000	0.000482	0.001091	0.000000	0.000000	0.000069	0.000184	0.000112	0.000252	0.000345
68	Q	O	0.996494	0.000000	0.000000	0.000000	0.000000	0.000159	0.000657	0.000000	0.000000	0.000357	0.001374	0.000000	0.000000	0.000063	0.000254	0.000000	0.000213	0.000432
69	W	O	0.997138	0.000000	0.000000	0.000000	0.000000	0.000000	0.000567	0.000000	0.000000	0.000000	0.001428	0.000000	0.000000	0.000000	0.000412	0.000000	0.000000	0.000458
70	R	O	1.000000	0.000000	0.000000	0.000000	0.000000	0.000000	0.000000	0.000000	0.000000	0.000000	0.000000	0.000000	0.000000	0.000000	0.000000	0.000000	0.000000	0.000000
