# Name=tr|W1DLB4|W1DLB4_KLEPN D-glycero-beta-D-manno-heptose 1-phosphate adenylyltransferase OS=Klebsiella pneumoniae IS43 OX=1432552 PE=4 SV=1
# pos	aa	label	Other	Sec/SPI n	Sec/SPI h	Sec/SPI c	Sec/SPII n	Sec/SPII h	Sec/SPII cys	Tat/SPI n	Tat/SPI RR	Tat/SPI h	Tat/SPI c	Tat/SPII n	Tat/SPII RR	Tat/SPII h	Tat/SPII cys	Sec/SPIII P	Sec/SPIII cons.	Sec/SPIII h
1	M	O	0.928267	0.071440	0.000000	0.000000	0.000271	0.000000	0.000000	0.000000	0.000000	0.000000	0.000000	0.000000	0.000000	0.000000	0.000000	0.000006	0.000000	0.000000
2	I	O	0.928274	0.038365	0.033075	0.000000	0.000180	0.000091	0.000000	0.000000	0.000000	0.000000	0.000000	0.000000	0.000000	0.000000	0.000000	0.000005	0.000001	0.000000
3	G	O	0.928274	0.021436	0.047853	0.002150	0.000119	0.000152	0.000000	0.000000	0.000000	0.000000	0.000000	0.000000	0.000000	0.000000	0.000000	0.000004	0.000001	0.000001
4	V	O	0.928373	0.010007	0.055812	0.005530	0.000077	0.000189	0.000005	0.000000	0.000000	0.000000	0.000000	0.000000	0.000000	0.000000	0.000000	0.000003	0.000001	0.000001
5	L	O	0.928588	0.005040	0.053690	0.012411	0.000050	0.000206	0.000009	0.000000	0.000000	0.000000	0.000000	0.000000	0.000000	0.000000	0.000000	0.000003	0.000001	0.000001
6	A	O	0.929084	0.002594	0.046402	0.021665	0.000033	0.000208	0.000016	0.000000	0.000000	0.000000	0.000000	0.000000	0.000000	0.000000	0.000000	0.000002	0.000001	0.000001
7	A	O	0.930203	0.001227	0.037639	0.030698	0.000021	0.000198	0.000022	0.000000	0.000000	0.000000	0.000000	0.000000	0.000000	0.000000	0.000000	0.000002	0.000001	0.000001
8	T	O	0.932025	0.000578	0.026970	0.040215	0.000012	0.000181	0.000026	0.000000	0.000000	0.000000	0.000000	0.000000	0.000000	0.000000	0.000000	0.000002	0.000001	0.000001
9	L	O	0.935223	0.000273	0.016953	0.047367	0.000006	0.000158	0.000028	0.000000	0.000000	0.000000	0.000000	0.000000	0.000000	0.000000	0.000000	0.000001	0.000001	0.000001
10	A	O	0.940001	0.000171	0.007648	0.052029	0.000004	0.000128	0.000033	0.000000	0.000000	0.000000	0.000000	0.000000	0.000000	0.000000	0.000000	0.000001	0.000000	0.000001
11	S	O	0.950525	0.000121	0.003368	0.045870	0.000003	0.000076	0.000054	0.000000	0.000000	0.000000	0.000000	0.000000	0.000000	0.000000	0.000000	0.000001	0.000000	0.000000
12	G	O	0.968164	0.000088	0.001789	0.029897	0.000002	0.000036	0.000040	0.000000	0.000000	0.000000	0.000000	0.000000	0.000000	0.000000	0.000000	0.000000	0.000000	0.000000
13	N	O	0.984569	0.000061	0.001194	0.014154	0.000001	0.000020	0.000016	0.000000	0.000000	0.000000	0.000000	0.000000	0.000000	0.000000	0.000000	0.000000	0.000000	0.000000
14	T	O	0.990671	0.000042	0.000765	0.008511	0.000001	0.000013	0.000008	0.000000	0.000000	0.000000	0.000000	0.000000	0.000000	0.000000	0.000000	0.000000	0.000000	0.000000
15	L	O	0.994144	0.000028	0.000486	0.005343	0.000000	0.000008	0.000005	0.000000	0.000000	0.000000	0.000000	0.000000	0.000000	0.000000	0.000000	0.000000	0.000000	0.000000
16	E	O	0.996184	0.000021	0.000267	0.003535	0.000000	0.000005	0.000003	0.000000	0.000000	0.000000	0.000000	0.000000	0.000000	0.000000	0.000000	0.000000	0.000000	0.000000
17	E	O	0.997737	0.000016	0.000155	0.002102	0.000000	0.000003	0.000002	0.000000	0.000000	0.000000	0.000000	0.000000	0.000000	0.000000	0.000000	0.000000	0.000000	0.000000
18	A	O	0.998706	0.000012	0.000098	0.001202	0.000000	0.000002	0.000001	0.000000	0.000000	0.000000	0.000000	0.000000	0.000000	0.000000	0.000000	0.000000	0.000000	0.000000
19	C	O	0.999262	0.000009	0.000063	0.000686	0.000000	0.000001	0.000001	0.000000	0.000000	0.000000	0.000000	0.000000	0.000000	0.000000	0.000000	0.000000	0.000000	0.000000
20	Y	O	0.999546	0.000006	0.000041	0.000423	0.000000	0.000001	0.000000	0.000000	0.000000	0.000000	0.000000	0.000000	0.000000	0.000000	0.000000	0.000000	0.000000	0.000000
21	F	O	0.999714	0.000005	0.000026	0.000273	0.000000	0.000000	0.000000	0.000000	0.000000	0.000000	0.000000	0.000000	0.000000	0.000000	0.000000	0.000000	0.000000	0.000000
22	A	O	0.999820	0.000004	0.000017	0.000177	0.000000	0.000000	0.000000	0.000000	0.000000	0.000000	0.000000	0.000000	0.000000	0.000000	0.000000	0.000000	0.000000	0.000000
23	N	O	0.999887	0.000003	0.000011	0.000121	0.000000	0.000000	0.000000	0.000000	0.000000	0.000000	0.000000	0.000000	0.000000	0.000000	0.000000	0.000000	0.000000	0.000000
24	A	O	0.999933	0.000002	0.000007	0.000084	0.000000	0.000000	0.000000	0.000000	0.000000	0.000000	0.000000	0.000000	0.000000	0.000000	0.000000	0.000000	0.000000	0.000000
25	A	O	0.999965	0.000002	0.000005	0.000057	0.000000	0.000000	0.000000	0.000000	0.000000	0.000000	0.000000	0.000000	0.000000	0.000000	0.000000	0.000000	0.000000	0.000000
26	A	O	0.999980	0.000001	0.000003	0.000037	0.000000	0.000000	0.000000	0.000000	0.000000	0.000000	0.000000	0.000000	0.000000	0.000000	0.000000	0.000000	0.000000	0.000000
27	G	O	0.999992	0.000001	0.000003	0.000026	0.000000	0.000000	0.000000	0.000000	0.000000	0.000000	0.000000	0.000000	0.000000	0.000000	0.000000	0.000000	0.000000	0.000000
28	V	O	0.999999	0.000001	0.000002	0.000017	0.000000	0.000000	0.000000	0.000000	0.000000	0.000000	0.000000	0.000000	0.000000	0.000000	0.000000	0.000000	0.000000	0.000000
29	V	O	1.000000	0.000001	0.000002	0.000013	0.000000	0.000000	0.000000	0.000000	0.000000	0.000000	0.000000	0.000000	0.000000	0.000000	0.000000	0.000000	0.000000	0.000000
30	V	O	1.000000	0.000001	0.000001	0.000010	0.000000	0.000000	0.000000	0.000000	0.000000	0.000000	0.000000	0.000000	0.000000	0.000000	0.000000	0.000000	0.000000	0.000000
31	G	O	1.000000	0.000000	0.000001	0.000008	0.000000	0.000000	0.000000	0.000000	0.000000	0.000000	0.000000	0.000000	0.000000	0.000000	0.000000	0.000000	0.000000	0.000000
32	K	O	1.000000	0.000000	0.000001	0.000006	0.000000	0.000000	0.000000	0.000000	0.000000	0.000000	0.000000	0.000000	0.000000	0.000000	0.000000	0.000000	0.000000	0.000000
33	L	O	1.000000	0.000000	0.000001	0.000005	0.000000	0.000000	0.000000	0.000000	0.000000	0.000000	0.000000	0.000000	0.000000	0.000000	0.000000	0.000000	0.000000	0.000000
34	G	O	1.000000	0.000000	0.000000	0.000004	0.000000	0.000000	0.000000	0.000000	0.000000	0.000000	0.000000	0.000000	0.000000	0.000000	0.000000	0.000000	0.000000	0.000000
35	T	O	1.000000	0.000000	0.000000	0.000003	0.000000	0.000000	0.000000	0.000000	0.000000	0.000000	0.000000	0.000000	0.000000	0.000000	0.000000	0.000000	0.000000	0.000000
36	S	O	1.000000	0.000000	0.000000	0.000003	0.000000	0.000000	0.000000	0.000000	0.000000	0.000000	0.000000	0.000000	0.000000	0.000000	0.000000	0.000000	0.000000	0.000000
37	T	O	1.000000	0.000000	0.000000	0.000002	0.000000	0.000000	0.000000	0.000000	0.000000	0.000000	0.000000	0.000000	0.000000	0.000000	0.000000	0.000000	0.000000	0.000000
38	V	O	1.000000	0.000000	0.000000	0.000002	0.000000	0.000000	0.000000	0.000000	0.000000	0.000000	0.000000	0.000000	0.000000	0.000000	0.000000	0.000000	0.000000	0.000000
39	S	O	1.000000	0.000000	0.000000	0.000002	0.000000	0.000000	0.000000	0.000000	0.000000	0.000000	0.000000	0.000000	0.000000	0.000000	0.000000	0.000000	0.000000	0.000000
40	P	O	1.000000	0.000000	0.000000	0.000001	0.000000	0.000000	0.000000	0.000000	0.000000	0.000000	0.000000	0.000000	0.000000	0.000000	0.000000	0.000000	0.000000	0.000000
41	V	O	1.000000	0.000000	0.000000	0.000001	0.000000	0.000000	0.000000	0.000000	0.000000	0.000000	0.000000	0.000000	0.000000	0.000000	0.000000	0.000000	0.000000	0.000000
42	E	O	1.000000	0.000000	0.000000	0.000001	0.000000	0.000000	0.000000	0.000000	0.000000	0.000000	0.000000	0.000000	0.000000	0.000000	0.000000	0.000000	0.000000	0.000000
43	L	O	1.000000	0.000000	0.000000	0.000001	0.000000	0.000000	0.000000	0.000000	0.000000	0.000000	0.000000	0.000000	0.000000	0.000000	0.000000	0.000000	0.000000	0.000000
44	E	O	1.000000	0.000000	0.000000	0.000001	0.000000	0.000000	0.000000	0.000000	0.000000	0.000000	0.000000	0.000000	0.000000	0.000000	0.000000	0.000000	0.000000	0.000000
45	N	O	1.000000	0.000000	0.000000	0.000001	0.000000	0.000001	0.000000	0.000000	0.000000	0.000000	0.000000	0.000000	0.000000	0.000000	0.000000	0.000001	0.000000	0.000000
46	A	O	1.000000	0.000000	0.000000	0.000000	0.000000	0.000001	0.000000	0.000000	0.000000	0.000000	0.000000	0.000000	0.000000	0.000000	0.000000	0.000001	0.000000	0.000000
47	V	O	1.000000	0.000000	0.000000	0.000000	0.000000	0.000001	0.000000	0.000000	0.000000	0.000000	0.000000	0.000000	0.000000	0.000000	0.000000	0.000001	0.000000	0.000000
48	R	O	1.000000	0.000000	0.000000	0.000000	0.000001	0.000001	0.000001	0.000000	0.000000	0.000000	0.000000	0.000000	0.000000	0.000000	0.000000	0.000001	0.000000	0.000000
49	G	O	1.000000	0.000000	0.000000	0.000000	0.000001	0.000001	0.000001	0.000000	0.000000	0.000000	0.000000	0.000000	0.000000	0.000000	0.000000	0.000001	0.000000	0.000001
50	R	O	1.000000	0.000000	0.000000	0.000000	0.000001	0.000001	0.000001	0.000000	0.000000	0.000000	0.000001	0.000000	0.000000	0.000000	0.000000	0.000001	0.000001	0.000001
51	A	O	1.000000	0.000000	0.000000	0.000000	0.000001	0.000001	0.000001	0.000001	0.000000	0.000000	0.000001	0.000000	0.000000	0.000000	0.000000	0.000002	0.000001	0.000001
52	E	O	1.000000	0.000000	0.000000	0.000000	0.000001	0.000002	0.000001	0.000001	0.000000	0.000001	0.000001	0.000000	0.000000	0.000000	0.000000	0.000002	0.000001	0.000001
53	T	O	1.000000	0.000000	0.000000	0.000000	0.000001	0.000002	0.000001	0.000001	0.000000	0.000001	0.000001	0.000000	0.000000	0.000000	0.000000	0.000002	0.000001	0.000001
54	G	O	1.000000	0.000000	0.000000	0.000000	0.000001	0.000002	0.000001	0.000001	0.000000	0.000001	0.000001	0.000000	0.000000	0.000000	0.000000	0.000003	0.000001	0.000001
55	F	O	1.000000	0.000000	0.000000	0.000000	0.000001	0.000002	0.000002	0.000002	0.000000	0.000001	0.000002	0.000000	0.000000	0.000000	0.000000	0.000004	0.000002	0.000002
56	G	O	0.999995	0.000000	0.000000	0.000000	0.000001	0.000003	0.000002	0.000003	0.000000	0.000002	0.000002	0.000000	0.000000	0.000000	0.000000	0.000004	0.000002	0.000002
57	V	O	0.999987	0.000000	0.000000	0.000000	0.000002	0.000003	0.000002	0.000003	0.000000	0.000003	0.000003	0.000000	0.000000	0.000000	0.000000	0.000005	0.000002	0.000003
58	M	O	0.999979	0.000000	0.000000	0.000000	0.000002	0.000004	0.000003	0.000005	0.000001	0.000004	0.000004	0.000000	0.000000	0.000000	0.000001	0.000007	0.000003	0.000003
59	S	O	0.999969	0.000000	0.000000	0.000000	0.000003	0.000004	0.000004	0.000008	0.000001	0.000005	0.000007	0.000000	0.000000	0.000001	0.000001	0.000010	0.000004	0.000005
60	E	O	0.999947	0.000000	0.000000	0.000000	0.000003	0.000005	0.000005	0.000011	0.000002	0.000007	0.000010	0.000000	0.000000	0.000001	0.000001	0.000013	0.000005	0.000006
61	E	O	0.999921	0.000000	0.000000	0.000000	0.000004	0.000006	0.000005	0.000017	0.000002	0.000010	0.000014	0.000000	0.000000	0.000001	0.000002	0.000018	0.000007	0.000008
62	E	O	0.999885	0.000000	0.000000	0.000000	0.000005	0.000008	0.000007	0.000024	0.000003	0.000017	0.000021	0.000001	0.000000	0.000002	0.000003	0.000023	0.000010	0.000011
63	L	O	0.999828	0.000000	0.000000	0.000000	0.000005	0.000011	0.000008	0.000031	0.000004	0.000028	0.000032	0.000001	0.000000	0.000003	0.000005	0.000029	0.000014	0.000015
64	K	O	0.999761	0.000000	0.000000	0.000000	0.000006	0.000014	0.000011	0.000040	0.000005	0.000041	0.000054	0.000001	0.000000	0.000004	0.000007	0.000036	0.000019	0.000021
65	Q	O	0.999672	0.000000	0.000000	0.000000	0.000005	0.000017	0.000014	0.000049	0.000005	0.000059	0.000083	0.000001	0.000000	0.000006	0.000011	0.000040	0.000026	0.000029
66	A	O	0.999567	0.000000	0.000000	0.000000	0.000003	0.000021	0.000017	0.000050	0.000002	0.000088	0.000127	0.000001	0.000000	0.000009	0.000016	0.000039	0.000034	0.000039
67	V	O	0.999452	0.000000	0.000000	0.000000	0.000000	0.000023	0.000023	0.000027	0.000000	0.000116	0.000204	0.000000	0.000000	0.000013	0.000025	0.000027	0.000044	0.000052
68	A	O	0.999393	0.000000	0.000000	0.000000	0.000000	0.000020	0.000027	0.000000	0.000000	0.000086	0.000316	0.000000	0.000000	0.000017	0.000032	0.000000	0.000050	0.000066
69	A	O	0.999416	0.000000	0.000000	0.000000	0.000000	0.000000	0.000051	0.000000	0.000000	0.000000	0.000358	0.000000	0.000000	0.000000	0.000081	0.000000	0.000000	0.000099
70	A	O	0.999999	0.000000	0.000000	0.000000	0.000000	0.000000	0.000000	0.000000	0.000000	0.000000	0.000000	0.000000	0.000000	0.000000	0.000000	0.000000	0.000000	0.000000
